[0,10]
[0,13]
[0,25]
[0,43]
[0,47]
[0,4]
[0,50]
[1,11]
[1,14]
[1,19]
[1,31]
[1,35]
[1,40]
[1,46]
[1,4]
[1,9]
[10,10]
[10,24]
[10,25]
[10,31]
[10,38]
[10,42]
[10,44]
[10,47]
[10,8]
[11,11]
[11,12]
[11,28]
[11,42]
[11,44]
[11,50]
[11,6]
[11,9]
[12,10]
[12,12]
[12,17]
[12,25]
[12,28]
[12,40]
[12,48]
[12,7]
[12,9]
[13,10]
[13,11]
[13,13]
[13,22]
[13,25]
[13,31]
[13,35]
[13,37]
[13,40]
[13,43]
[13,45]
[13,7]
[13,9]
[14,14]
[14,19]
[14,35]
[14,39]
[14,41]
[14,46]
[15,10]
[15,12]
[15,15]
[15,18]
[15,19]
[15,20]
[15,21]
[15,40]
[15,41]
[15,43]
[15,8]
[16,18]
[16,32]
[16,36]
[16,39]
[16,40]
[16,45]
[16,47]
[17,15]
[17,16]
[17,26]
[17,30]
[17,40]
[17,44]
[17,49]
[18,11]
[18,14]
[18,17]
[18,29]
[18,30]
[18,34]
[18,40]
[18,41]
[18,43]
[18,44]
[18,45]
[19,10]
[19,14]
[19,18]
[19,34]
[19,39]
[19,50]
[19,6]
[19,9]
[2,12]
[2,15]
[2,26]
[2,30]
[2,33]
[2,36]
[2,37]
[2,43]
[20,13]
[20,15]
[20,18]
[20,19]
[20,34]
[20,35]
[20,45]
[20,49]
[21,0]
[21,16]
[21,23]
[21,24]
[21,27]
[21,31]
[21,44]
[22,24]
[22,35]
[22,36]
[22,8]
[23,28]
[23,29]
[23,34]
[23,50]
[23,5]
[23,7]
[24,0]
[24,11]
[24,15]
[24,18]
[24,20]
[24,31]
[24,39]
[24,8]
[24,9]
[25,11]
[25,12]
[25,17]
[25,25]
[25,31]
[25,38]
[25,48]
[25,9]
[26,10]
[26,13]
[26,14]
[26,16]
[26,20]
[26,25]
[26,34]
[26,3]
[26,7]
[26,8]
[27,11]
[27,22]
[27,27]
[27,28]
[27,34]
[27,4]
[27,7]
[28,21]
[28,26]
[28,27]
[28,29]
[28,48]
[28,49]
[28,6]
[29,16]
[29,2]
[29,31]
[29,32]
[29,35]
[29,38]
[29,42]
[29,8]
[3,23]
[3,24]
[3,35]
[3,39]
[3,40]
[3,47]
[30,10]
[30,18]
[30,26]
[30,27]
[30,29]
[30,33]
[30,36]
[30,3]
[30,44]
[30,9]
[31,12]
[31,27]
[31,30]
[31,35]
[31,37]
[31,39]
[31,43]
[31,8]
[32,13]
[32,17]
[32,21]
[32,32]
[32,39]
[32,41]
[32,42]
[32,8]
[33,23]
[33,24]
[33,30]
[33,33]
[33,39]
[33,45]
[33,48]
[34,1]
[34,21]
[34,22]
[34,37]
[34,48]
[35,0]
[35,12]
[35,23]
[35,32]
[35,33]
[35,46]
[35,6]
[35,7]
[36,0]
[36,10]
[36,22]
[36,26]
[36,30]
[36,31]
[36,34]
[36,3]
[36,41]
[37,11]
[37,13]
[37,14]
[37,20]
[37,24]
[37,26]
[37,34]
[37,36]
[37,43]
[37,8]
[37,9]
[38,0]
[38,11]
[38,14]
[38,15]
[38,18]
[38,21]
[38,33]
[38,34]
[38,47]
[39,11]
[39,12]
[39,17]
[39,21]
[39,22]
[39,28]
[39,29]
[39,36]
[39,43]
[39,44]
[39,46]
[39,47]
[39,5]
[4,14]
[4,17]
[4,33]
[4,36]
[4,37]
[4,42]
[4,46]
[4,6]
[4,7]
[40,13]
[40,19]
[40,1]
[40,20]
[40,23]
[40,27]
[40,28]
[40,33]
[40,37]
[40,38]
[40,40]
[40,43]
[40,6]
[41,17]
[41,18]
[41,26]
[41,29]
[41,33]
[41,37]
[41,9]
[42,0]
[42,12]
[42,17]
[42,18]
[42,1]
[42,22]
[42,24]
[42,31]
[42,39]
[43,15]
[43,17]
[43,18]
[43,19]
[43,33]
[43,35]
[43,38]
[43,46]
[44,12]
[44,16]
[44,23]
[44,25]
[44,34]
[44,40]
[44,9]
[45,14]
[45,15]
[45,33]
[45,39]
[45,47]
[45,49]
[45,6]
[45,7]
[46,15]
[46,18]
[46,19]
[46,24]
[46,25]
[46,28]
[46,2]
[46,33]
[46,41]
[46,43]
[46,47]
[46,8]
[47,14]
[47,21]
[47,38]
[47,50]
[48,14]
[48,26]
[48,44]
[48,4]
[48,7]
[48,9]
[49,13]
[49,24]
[49,28]
[49,37]
[49,4]
[49,9]
[5,15]
[5,16]
[5,17]
[5,22]
[5,38]
[5,44]
[5,45]
[5,48]
[6,23]
[6,39]
[6,48]
[6,9]
[7,12]
[7,18]
[7,40]
[7,41]
[7,47]
[7,8]
[8,14]
[8,16]
[8,17]
[8,2]
[8,32]
[8,33]
[8,34]
[8,41]
[8,43]
[8,47]
[9,13]
[9,22]
[9,2]
[9,31]
[9,45]
[9,9]